3.791956603527069092e-01 8.219903111457824707e-01 2.437759423628449440e-03
3.697863817214965820e-01 8.017420768737792969e-01 2.408004598692059517e-03
3.580993115901947021e-01 7.766038179397583008e-01 2.325595822185277939e-03
3.494830727577209473e-01 7.580987811088562012e-01 2.233307808637619019e-03
3.389604985713958740e-01 7.355014681816101074e-01 2.118635922670364380e-03
3.251847326755523682e-01 7.059155106544494629e-01 1.986781368032097816e-03
3.070452511310577393e-01 6.669921875000000000e-01 1.780617749318480492e-03
3.074957132339477539e-01 6.680127382278442383e-01 1.690051984041929245e-03
3.105240762233734131e-01 6.745100021362304688e-01 1.687205862253904343e-03
3.250941932201385498e-01 7.058538794517517090e-01 1.740894396789371967e-03
