5.237090587615966797e-01 8.465126156806945801e-01 2.752698259428143501e-03
5.205979943275451660e-01 8.414405584335327148e-01 2.728404477238655090e-03
5.156077742576599121e-01 8.333017826080322266e-01 2.686382969841361046e-03
5.106996297836303711e-01 8.252902626991271973e-01 2.655640710145235062e-03
5.044220089912414551e-01 8.150365948677062988e-01 2.576162805780768394e-03
4.968862235546112061e-01 8.027268648147583008e-01 2.481968374922871590e-03
4.887191653251647949e-01 7.893790006637573242e-01 2.374376635998487473e-03
4.901455938816070557e-01 7.917094230651855469e-01 2.256778534501791000e-03
4.953943192958831787e-01 8.002865910530090332e-01 2.248790347948670387e-03
5.035449266433715820e-01 8.135970234870910645e-01 2.239987021312117577e-03
