5.710591077804565430e-01 3.393056690692901611e-01 2.012209966778755188e-03
5.928391814231872559e-01 3.524544835090637207e-01 2.133603673428297043e-03
6.170283555984497070e-01 3.670625686645507812e-01 2.272123703733086586e-03
6.436280012130737305e-01 3.831227719783782959e-01 2.365675289183855057e-03
7.011445760726928711e-01 4.178831279277801514e-01 2.596585778519511223e-03
7.364438176155090332e-01 4.392156600952148438e-01 2.668233122676610947e-03
8.096448779106140137e-01 4.834628999233245850e-01 2.875250298529863358e-03
8.063124418258666992e-01 4.814546406269073486e-01 2.687075408175587654e-03
7.859899997711181641e-01 4.691801071166992188e-01 2.499690512195229530e-03
7.687107920646667480e-01 4.587501287460327148e-01 2.356030512601137161e-03
