-9.408061206340789795e-02 6.657478213310241699e-01 1.402984256856143475e-03
-8.802527934312820435e-02 6.234557032585144043e-01 1.269989646971225739e-03
-8.140178024768829346e-02 5.771605372428894043e-01 1.127602532505989075e-03
-6.822961568832397461e-02 4.853356778621673584e-01 8.862153044901788235e-04
-6.005395203828811646e-02 4.283051490783691406e-01 7.228088798001408577e-04
-5.402630567550659180e-02 3.862382173538208008e-01 5.973469233140349388e-04
-4.707693681120872498e-02 3.375199735164642334e-01 4.575370403472334146e-04
-4.925246909260749817e-02 3.519909083843231201e-01 4.671438073273748159e-04
-6.071688607335090637e-02 4.316444694995880127e-01 6.018422427587211132e-04
-6.846687942743301392e-02 4.854615032672882080e-01 6.829209742136299610e-04
