1.912739276885986328e-01 -2.076865285634994507e-01 -1.495719916420057416e-04
2.118906825780868530e-01 -2.303523868322372437e-01 -1.297993003390729427e-04
2.295531034469604492e-01 -2.497810423374176025e-01 -9.498457075096666813e-05
2.491975426673889160e-01 -2.714197933673858643e-01 -4.344293847680091858e-05
2.668107450008392334e-01 -2.908073067665100098e-01 -3.141840352327562869e-06
2.914942502975463867e-01 -3.179868757724761963e-01 4.952069502905942500e-05
3.238239586353302002e-01 -3.536092638969421387e-01 1.421703054802492261e-04
3.166068792343139648e-01 -3.457620441913604736e-01 8.921483822632580996e-05
3.008131980895996094e-01 -3.284434676170349121e-01 2.214124151578289457e-06
2.843278944492340088e-01 -3.103686273097991943e-01 -3.554430077201686800e-05
