-8.793042041361331940e-03 1.799743250012397766e-02 3.136522718705236912e-05
-1.782496273517608643e-02 3.657630458474159241e-02 5.580773358815349638e-05
-2.655565366148948669e-02 5.469626560807228088e-02 7.181029650382697582e-05
-3.561715781688690186e-02 7.341840118169784546e-02 8.142529986798763275e-05
-4.661641642451286316e-02 9.616900980472564697e-02 9.028328349813818932e-05
-4.881833121180534363e-02 1.008005812764167786e-01 7.283613376785069704e-05
-5.951698496937751770e-02 1.229104846715927124e-01 6.871949881315231323e-05
-6.061253324151039124e-02 1.254720836877822876e-01 6.666183617198839784e-05
-4.536673799157142639e-02 9.420718252658843994e-02 5.965752279735170305e-05
-3.955959901213645935e-02 8.243470638990402222e-02 6.057275095372460783e-05
