1.580663919448852539e-01 1.217783018946647644e-01 5.206420319154858589e-04
3.123568594455718994e-01 2.361451536417007446e-01 1.080321613699197769e-03
5.305986404418945312e-01 3.979106545448303223e-01 1.839751726947724819e-03
6.706826090812683105e-01 5.017610788345336914e-01 2.323876600712537766e-03
7.423037290573120117e-01 5.548644065856933594e-01 2.641035942360758781e-03
7.699409127235412598e-01 5.753647089004516602e-01 2.823143731802701950e-03
7.843915224075317383e-01 5.860788226127624512e-01 2.850348595529794693e-03
7.822830080986022949e-01 5.844980478286743164e-01 2.561830915510654449e-03
7.597871422767639160e-01 5.678034424781799316e-01 2.395623363554477692e-03
7.170249223709106445e-01 5.360677242279052734e-01 2.161792479455471039e-03
