2.762894034385681152e-01 8.727971315383911133e-01 2.607428468763828278e-03
2.637168765068054199e-01 8.332021832466125488e-01 2.424084814265370369e-03
2.484918385744094849e-01 7.852837443351745605e-01 2.216087421402335167e-03
2.243155837059020996e-01 7.091820836067199707e-01 1.941852504387497902e-03
1.972020864486694336e-01 6.238059401512145996e-01 1.654136576689779758e-03
1.694687902927398682e-01 5.364250540733337402e-01 1.303409342654049397e-03
1.416595280170440674e-01 4.488953053951263428e-01 1.021967735141515732e-03
1.432311832904815674e-01 4.535121023654937744e-01 9.774484205991029739e-04
1.687800437211990356e-01 5.337384343147277832e-01 1.132764038629829884e-03
1.891299188137054443e-01 5.977336168289184570e-01 1.247918931767344475e-03
