5.748967640101909637e-03 6.474499125033617020e-03 2.345249959034845233e-05
-7.763644680380821228e-03 -2.042125537991523743e-02 -5.652078471030108631e-05
-4.580600559711456299e-02 -9.595264494419097900e-02 -2.788231067825108767e-04
-8.319761604070663452e-02 -1.700843721628189087e-01 -4.865264054387807846e-04
-1.094632446765899658e-01 -2.221052646636962891e-01 -6.283071707002818584e-04
-1.428378671407699585e-01 -2.883597016334533691e-01 -7.978513021953403950e-04
-1.652272790670394897e-01 -3.327344357967376709e-01 -8.846434066072106361e-04
-1.672457754611968994e-01 -3.365147113800048828e-01 -8.590749348513782024e-04
-1.453515887260437012e-01 -2.929360866546630859e-01 -7.473697187379002571e-04
-1.258311271667480469e-01 -2.540854513645172119e-01 -6.377996178343892097e-04
