4.884350597858428955e-01 8.259967565536499023e-01 2.615185454487800598e-03
4.657359719276428223e-01 7.873613238334655762e-01 2.476340625435113907e-03
4.507875144481658936e-01 7.619204521179199219e-01 2.364680636674165726e-03
4.444672763347625732e-01 7.511724829673767090e-01 2.304006367921829224e-03
4.340419173240661621e-01 7.334439754486083984e-01 2.207228681072592735e-03
4.192941784858703613e-01 7.083863615989685059e-01 2.132818335667252541e-03
3.948732018470764160e-01 6.668902635574340820e-01 1.955250045284628868e-03
4.088065326213836670e-01 6.905701756477355957e-01 1.891474472358822823e-03
4.166304171085357666e-01 7.038739323616027832e-01 1.922928611747920513e-03
4.286495447158813477e-01 7.242981791496276855e-01 1.942208269611001015e-03
