6.940441727638244629e-01 4.901154711842536926e-02 1.307186670601367950e-03
7.212323546409606934e-01 5.086389556527137756e-02 1.433436525985598564e-03
7.469302415847778320e-01 5.261338129639625549e-02 1.539596240036189556e-03
7.720685601234436035e-01 5.433221906423568726e-02 1.662643975578248501e-03
7.918018102645874023e-01 5.567900463938713074e-02 1.736613688990473747e-03
8.122687339782714844e-01 5.708552896976470947e-02 1.834676717408001423e-03
8.363337516784667969e-01 5.874383822083473206e-02 1.926559489220380783e-03
8.394659757614135742e-01 5.895347520709037781e-02 1.830741530284285545e-03
8.178984522819519043e-01 5.745464935898780823e-02 1.671829144470393658e-03
8.050894737243652344e-01 5.657674744725227356e-02 1.570805674418807030e-03
