2.412144094705581665e-02 1.841823942959308624e-02 9.825991583056747913e-05
8.156275004148483276e-02 5.539983883500099182e-02 3.264231199864298105e-04
2.247720211744308472e-01 1.475657075643539429e-01 8.955699158832430840e-04
4.686463177204132080e-01 3.045635819435119629e-01 1.883066724985837936e-03
6.786531209945678711e-01 4.397748708724975586e-01 2.689091255888342857e-03
7.695986032485961914e-01 4.983434677124023438e-01 2.988132182508707047e-03
8.282926678657531738e-01 5.361373424530029297e-01 3.144366201013326645e-03
8.149523138999938965e-01 5.275344252586364746e-01 2.818693174049258232e-03
7.690492272377014160e-01 4.979494810104370117e-01 2.542172791436314583e-03
6.666460633277893066e-01 4.319395720958709717e-01 2.109632827341556549e-03
