-3.922198414802551270e-01 -5.312700942158699036e-02 -7.287586922757327557e-04
-3.464279770851135254e-01 -4.667518287897109985e-02 -6.848587072454392910e-04
-3.202933967113494873e-01 -4.299242794513702393e-02 -6.673738826066255569e-04
-2.934935986995697021e-01 -3.921465948224067688e-02 -6.509298109449446201e-04
-2.690756916999816895e-01 -3.577193990349769592e-02 -6.183832301758229733e-04
-2.514707148075103760e-01 -3.328589349985122681e-02 -5.963970907032489777e-04
-2.170224338769912720e-01 -2.849217504262924194e-02 -5.268740933388471603e-04
-2.274527251720428467e-01 -3.009113855659961700e-02 -5.250473623163998127e-04
-2.513802647590637207e-01 -3.351121023297309875e-02 -5.527163157239556313e-04
-3.147028088569641113e-01 -4.242835938930511475e-02 -6.556796142831444740e-04
