-2.339572608470916748e-01 1.550200432538986206e-01 -1.133751720772124827e-05
-2.047928422689437866e-01 1.352791339159011841e-01 -4.016976890852674842e-05
-1.746280491352081299e-01 1.148656904697418213e-01 -6.829875928815454245e-05
-1.466103643178939819e-01 9.593243896961212158e-02 -8.832076855469495058e-05
-1.211441010236740112e-01 7.872743904590606689e-02 -9.336874791188165545e-05
-9.261593222618103027e-02 5.945574492216110229e-02 -8.943602006183937192e-05
-5.950203910470008850e-02 3.714191913604736328e-02 -7.164257840486243367e-05
-6.595578789710998535e-02 4.167892411351203918e-02 -7.074712630128487945e-05
-8.721484243869781494e-02 5.613859742879867554e-02 -7.653814827790483832e-05
-1.079163923859596252e-01 7.020592689514160156e-02 -6.987556116655468941e-05
