5.216870903968811035e-01 4.772154390811920166e-01 2.097204327583312988e-03
4.824900031089782715e-01 4.411570131778717041e-01 1.919439178891479969e-03
3.964679539203643799e-01 3.620814085006713867e-01 1.585226622410118580e-03
6.411204487085342407e-02 5.666848644614219666e-02 2.534600789658725262e-04
7.465546727180480957e-01 6.838476061820983887e-01 2.962653059512376785e-03
6.290680766105651855e-01 5.759153962135314941e-01 2.422569086775183678e-03
6.330389380455017090e-01 5.795904397964477539e-01 2.395336516201496124e-03
5.981053709983825684e-01 5.475798845291137695e-01 2.106408588588237762e-03
6.317157149314880371e-01 5.784714818000793457e-01 2.153363078832626343e-03
7.315546274185180664e-01 6.701145768165588379e-01 2.370100468397140503e-03
