1.878179796040058136e-02 1.482550613582134247e-02 7.714167441008612514e-05
5.060330498963594437e-03 5.924703553318977356e-03 2.631999814184382558e-05
4.883969575166702271e-02 3.439697623252868652e-02 1.940807269420474768e-04
3.444630503654479980e-01 2.268363386392593384e-01 1.319483737461268902e-03
6.829120516777038574e-01 4.471465647220611572e-01 2.566170413047075272e-03
7.819003462791442871e-01 5.116018652915954590e-01 2.865538699552416801e-03
8.287230134010314941e-01 5.420868396759033203e-01 2.995886374264955521e-03
8.130850195884704590e-01 5.318952798843383789e-01 2.739173592999577522e-03
7.499600648880004883e-01 4.907639622688293457e-01 2.416014205664396286e-03
5.942328572273254395e-01 3.892587721347808838e-01 1.821400481276214123e-03
