-6.848957538604736328e-01 -4.088928401470184326e-01 -2.115399111062288284e-03
-7.044659256935119629e-01 -4.206505119800567627e-01 -2.219058107584714890e-03
-7.194241285324096680e-01 -4.296397566795349121e-01 -2.278184751048684120e-03
-7.355714440345764160e-01 -4.393428564071655273e-01 -2.366239903494715691e-03
-7.592222094535827637e-01 -4.535600244998931885e-01 -2.458998700603842735e-03
-7.872061133384704590e-01 -4.703870713710784912e-01 -2.607128117233514786e-03
-8.166326880455017090e-01 -4.880920946598052979e-01 -2.692077774554491043e-03
-8.059207797050476074e-01 -4.816521704196929932e-01 -2.439727075397968292e-03
-7.729913592338562012e-01 -4.618571102619171143e-01 -2.253464888781309128e-03
-7.488667964935302734e-01 -4.473631680011749268e-01 -2.071242313832044601e-03
