3.641225397586822510e-01 8.815766572952270508e-01 2.692113863304257393e-03
3.605217337608337402e-01 8.729589581489562988e-01 2.614955417811870575e-03
3.566855192184448242e-01 8.637844324111938477e-01 2.542453119531273842e-03
3.532351851463317871e-01 8.555396199226379395e-01 2.492962172254920006e-03
3.490653038024902344e-01 8.455794453620910645e-01 2.438923576846718788e-03
3.448192775249481201e-01 8.354403376579284668e-01 2.376327756792306900e-03
3.389567732810974121e-01 8.214541673660278320e-01 2.244569594040513039e-03
3.403776288032531738e-01 8.248322606086730957e-01 2.093336544930934906e-03
3.460119664669036865e-01 8.382910490036010742e-01 2.106223022565245628e-03
3.501323163509368896e-01 8.481319546699523926e-01 2.058224519714713097e-03
