3.350481623783707619e-03 3.779032500460743904e-03 1.383950802846811712e-05
1.517035416327416897e-03 -1.047227531671524048e-02 -2.113127993652597070e-05
-1.954562962055206299e-03 -3.700194135308265686e-02 -8.400287333643063903e-05
-7.550491485744714737e-03 -7.944917678833007812e-02 -1.753335818648338318e-04
-1.319991704076528549e-02 -1.223731338977813721e-01 -2.594975521788001060e-04
-1.702401414513587952e-02 -1.513595283031463623e-01 -3.090957761742174625e-04
-2.173857390880584717e-02 -1.868418902158737183e-01 -3.561195917427539825e-04
-1.935379020869731903e-02 -1.675273627042770386e-01 -3.083575866185128689e-04
-1.374039053916931152e-02 -1.238697096705436707e-01 -2.302821812918409705e-04
-9.037464857101440430e-03 -8.705433458089828491e-02 -1.620798138901591301e-04
