-2.078912109136581421e-01 1.293007563799619675e-02 -3.060570161323994398e-04
-1.745009571313858032e-01 1.066350843757390976e-02 -2.718897885642945766e-04
-1.494033932685852051e-01 8.940268307924270630e-03 -2.515839005354791880e-04
-1.233776360750198364e-01 7.227104622870683670e-03 -2.224618947366252542e-04
-9.792780131101608276e-02 5.542297381907701492e-03 -1.857602619566023350e-04
-7.304161787033081055e-02 3.883555531501770020e-03 -1.459645427530631423e-04
-4.418397694826126099e-02 1.985254231840372086e-03 -9.347574086859822273e-05
-6.340374052524566650e-02 3.408318851143121719e-03 -1.225196174345910549e-04
-8.224136382341384888e-02 4.724058322608470917e-03 -1.477484183851629496e-04
-9.973319619894027710e-02 5.965459626168012619e-03 -1.619211107026785612e-04
