-5.594138503074645996e-01 -3.777199685573577881e-01 -1.770694623701274395e-03
-5.642309784889221191e-01 -3.810124099254608154e-01 -1.822394668124616146e-03
-5.657587051391601562e-01 -3.820824325084686279e-01 -1.864969381131231785e-03
-6.045486927032470703e-01 -4.084289371967315674e-01 -2.031732117757201195e-03
-6.354715228080749512e-01 -4.294291436672210693e-01 -2.134411130100488663e-03
-6.736301183700561523e-01 -4.553427100181579590e-01 -2.259267494082450867e-03
-7.737483978271484375e-01 -5.233183503150939941e-01 -2.604287583380937576e-03
-7.545639872550964355e-01 -5.102756619453430176e-01 -2.354802098125219345e-03
-7.160596251487731934e-01 -4.841065704822540283e-01 -2.152412896975874901e-03
-6.848515868186950684e-01 -4.628822505474090576e-01 -1.950852340087294579e-03
