4.922975599765777588e-01 8.557100296020507812e-01 2.931507071480154991e-03
4.871267080307006836e-01 8.468167781829833984e-01 2.828299300745129585e-03
4.782311022281646729e-01 8.315228223800659180e-01 2.731421031057834625e-03
4.681177735328674316e-01 8.141406774520874023e-01 2.604846144095063210e-03
4.530406594276428223e-01 7.882302999496459961e-01 2.474404172971844673e-03
4.370985031127929688e-01 7.608349919319152832e-01 2.293350407853722572e-03
4.047583639621734619e-01 7.052587866783142090e-01 2.032796619459986687e-03
4.062077701091766357e-01 7.076978087425231934e-01 1.955248648300766945e-03
4.284375607967376709e-01 7.458781599998474121e-01 1.999129308387637138e-03
4.453869760036468506e-01 7.750017046928405762e-01 2.015121979638934135e-03
