-2.682047486305236816e-01 5.837206244468688965e-01 9.081779862754046917e-04
-2.582470774650573730e-01 5.619376301765441895e-01 8.214316912926733494e-04
-2.474484592676162720e-01 5.383354425430297852e-01 7.148904260247945786e-04
-2.353970259428024292e-01 5.119742155075073242e-01 6.059224833734333515e-04
-2.217836380004882812e-01 4.821896255016326904e-01 4.996855277568101883e-04
-2.081149816513061523e-01 4.522749781608581543e-01 4.156733630225062370e-04
-1.904311329126358032e-01 4.136001467704772949e-01 2.989676140714436769e-04
-1.921788901090621948e-01 4.175311028957366943e-01 2.789489226415753365e-04
-2.045068740844726562e-01 4.445751607418060303e-01 3.267671854700893164e-04
-2.173464596271514893e-01 4.727265536785125732e-01 3.786228189710527658e-04
