-2.088008373975753784e-01 5.789343118667602539e-01 9.995457949116826057e-04
-1.945655643939971924e-01 5.402455329895019531e-01 8.567075128667056561e-04
-1.802716851234436035e-01 5.014216899871826172e-01 7.449942640960216522e-04
-1.627924740314483643e-01 4.538768231868743896e-01 6.046411581337451935e-04
-1.455026566982269287e-01 4.069318175315856934e-01 4.778753209393471479e-04
-1.310048997402191162e-01 3.675330281257629395e-01 3.845937026198953390e-04
-1.135825812816619873e-01 3.201223909854888916e-01 2.866613795049488544e-04
-1.225694045424461365e-01 3.442426919937133789e-01 3.017138224095106125e-04
-1.400891095399856567e-01 3.917809426784515381e-01 3.885186160914599895e-04
-1.562846750020980835e-01 4.356954395771026611e-01 4.518933419603854418e-04
