3.883852064609527588e-01 9.027006626129150391e-01 2.685917075723409653e-03
3.843979239463806152e-01 8.931753039360046387e-01 2.653560368344187737e-03
3.788201212882995605e-01 8.798582553863525391e-01 2.566734096035361290e-03
3.730872571468353271e-01 8.661773204803466797e-01 2.503837458789348602e-03
3.654965758323669434e-01 8.480886220932006836e-01 2.433234592899680138e-03
3.545914888381958008e-01 8.221009969711303711e-01 2.265614224597811699e-03
3.427254259586334229e-01 7.938414216041564941e-01 2.063047373667359352e-03
3.469075560569763184e-01 8.037799000740051270e-01 1.979539403691887856e-03
3.570033609867095947e-01 8.278159499168395996e-01 2.051205607131123543e-03
3.638019561767578125e-01 8.440155982971191406e-01 2.049686620011925697e-03
