-1.587272994220256805e-02 -2.798563987016677856e-02 -9.002620936371386051e-05
-1.086527016013860703e-02 -1.838007010519504547e-02 -5.990549470880068839e-05
-5.317377299070358276e-02 -1.012592315673828125e-01 -3.174201701767742634e-04
-9.219522774219512939e-02 -1.778165400028228760e-01 -5.468077724799513817e-04
-1.108806058764457703e-01 -2.144916504621505737e-01 -6.398254190571606159e-04
-1.228953152894973755e-01 -2.380614131689071655e-01 -6.932005053386092186e-04
-1.379511058330535889e-01 -2.675077021121978760e-01 -7.583261467516422272e-04
-1.385819464921951294e-01 -2.683612704277038574e-01 -7.166857249103486538e-04
-1.216298565268516541e-01 -2.350049614906311035e-01 -6.239083595573902130e-04
-8.561679720878601074e-02 -1.642159521579742432e-01 -4.257225373294204473e-04
