-2.583717405796051025e-01 -9.472167491912841797e-02 -6.328496383503079414e-04
-3.558730781078338623e-01 -1.278617382049560547e-01 -8.904173737391829491e-04
-4.633514881134033203e-01 -1.643796563148498535e-01 -1.175436307676136494e-03
-5.668696165084838867e-01 -1.995487511157989502e-01 -1.454569282941520214e-03
-6.562864184379577637e-01 -2.299395501613616943e-01 -1.718611223623156548e-03
-7.253058552742004395e-01 -2.534045875072479248e-01 -1.962551847100257874e-03
-8.072925806045532227e-01 -2.812955975532531738e-01 -2.226072130724787712e-03
-8.044166564941406250e-01 -2.803030610084533691e-01 -2.051025861874222755e-03
-7.393895387649536133e-01 -2.581581771373748779e-01 -1.792412367649376392e-03
-6.738342642784118652e-01 -2.358200252056121826e-01 -1.558318966999650002e-03
